{
  "A1.1_dual_axes": {
    "n_anti_pairs": 22,
    "anti_pairs": [
      [
        37,
        39,
        -0.5496790409088135
      ],
      [
        8,
        20,
        -0.482663631439209
      ],
      [
        26,
        39,
        -0.47914016246795654
      ],
      [
        18,
        28,
        -0.40774038434028625
      ],
      [
        1,
        34,
        -0.3958512246608734
      ],
      [
        19,
        37,
        -0.38073036074638367
      ],
      [
        13,
        42,
        -0.37338677048683167
      ],
      [
        13,
        45,
        -0.37064826488494873
      ],
      [
        25,
        40,
        -0.36851444840431213
      ],
      [
        45,
        58,
        -0.36610203981399536
      ],
      [
        22,
        45,
        -0.3557594418525696
      ],
      [
        28,
        42,
        -0.3490249812602997
      ],
      [
        24,
        38,
        -0.34663641452789307
      ],
      [
        6,
        9,
        -0.33934158086776733
      ],
      [
        0,
        33,
        -0.32327529788017273
      ],
      [
        3,
        33,
        -0.3212619125843048
      ],
      [
        31,
        49,
        -0.3175349831581116
      ],
      [
        22,
        42,
        -0.314093679189682
      ],
      [
        14,
        45,
        -0.31319764256477356
      ],
      [
        0,
        45,
        -0.3101416528224945
      ],
      [
        22,
        50,
        -0.3084559440612793
      ],
      [
        37,
        48,
        -0.30645227432250977
      ]
    ],
    "corr_mean": -0.0018330156022480727,
    "corr_std": 0.12294823939364867,
    "corr_min": -0.5496790409088135,
    "corr_matrix": [
      [
        0.990195095539093,
        0.05537284165620804,
        0.2927425801753998,
        0.1265699416399002,
        -0.03473837301135063,
        0.017600268125534058,
        0.06150555983185768,
        -0.0951632410287857,
        0.16710495948791504,
        0.04240991175174713,
        0.04367685317993164,
        -0.14240850508213043,
        -0.036538265645504,
        0.007745635230094194,
        -0.019042236730456352,
        -0.10994527488946915,
        -0.04048647731542587,
        -0.004701246973127127,
        -0.043676868081092834,
        -0.08632437139749527,
        -0.023210542276501656,
        -0.2350623905658722,
        -0.018308736383914948,
        0.13932226598262787,
        -0.0882328450679779,
        0.1560174971818924,
        0.01904226467013359,
        -0.027463078498840332,
        0.17578446865081787,
        0.058901797980070114,
        0.17851009964942932,
        -0.04240988567471504,
        0.13932235538959503,
        -0.32327529788017273,
        -0.09271985292434692,
        0.04502188041806221,
        0.23303207755088806,
        -0.02059728465974331,
        0.011507822200655937,
        0.2074950933456421,
        -0.016914010047912598,
        -0.1737069934606552,
        -0.05850225314497948,
        0.04367681220173836,
        -0.045934077352285385,
        -0.3101416528224945,
        0.17442676424980164,
        0.17851008474826813,
        0.08052120357751846,
        -0.011358342133462429,
        -0.04732004180550575,
        0.024551458656787872,
        -0.15414053201675415,
        0.10553283244371414,
        0.08632438629865646,
        0.004701236728578806,
        0.05515458434820175,
        0.06536734849214554,
        0.11720480024814606,
        -0.11584363877773285,
        0.12664900720119476,
        -0.027463071048259735,
        -0.10179978609085083,
        0.142408549785614
      ],
      [
        0.05537284165620804,
        0.9901971817016602,
        0.11414816975593567,
        0.019301529973745346,
        -0.23119771480560303,
        -0.00156703544780612,
        -0.07006082683801651,
        0.01901238039135933,
        0.10379523038864136,
        0.034739021211862564,
        0.09869479387998581,
        -0.20678940415382385,
        0.1847209334373474,
        0.08723901212215424,
        0.06395173817873001,
        0.09869484603404999,
        -0.21665805578231812,
        -0.012034112587571144,
        0.13724762201309204,
        0.061628468334674835,
        0.06179019436240196,
        -0.23346172273159027,
        -0.04686613753437996,
        -0.1805737316608429,
        0.007855858653783798,
        0.1029844582080841,
        -0.1037265807390213,
        -0.014059827663004398,
        0.09691611677408218,
        -0.13897523283958435,
        0.028119677677750587,
        0.0055266679264605045,
        -0.08848109096288681,
        0.10019595175981522,
        -0.3958512246608734,
        -0.03966594114899635,
        0.07953447103500366,
        -0.0328063927590847,
        0.12961222231388092,
        -0.10298442840576172,
        -0.11020800471305847,
        -0.07835240662097931,
        0.04222520813345909,
        -0.0586000420153141,
        -0.18650710582733154,
        0.05709768831729889,
        0.015598015859723091,
        0.1968376189470291,
        -0.01413360983133316,
        0.05457096919417381,
        0.09526029229164124,
        -0.043992284685373306,
        -0.09422430396080017,
        0.16047105193138123,
        -0.061628520488739014,
        0.012034077197313309,
        0.01026790589094162,
        -0.12740911543369293,
        -0.21001213788986206,
        -0.11080965399742126,
        0.046646375209093094,
        -0.09841899573802948,
        -0.03716156631708145,
        0.11665043234825134
      ],
      [
        0.2927425801753998,
        0.11414816975593567,
        0.9901953935623169,
        0.08506863564252853,
        0.009144631214439869,
        -0.2143327295780182,
        0.037238914519548416,
        -0.017107974737882614,
        -0.07213371247053146,
        0.05155767500400543,
        -0.048369165509939194,
        0.01226876676082611,
        0.033063266426324844,
        0.047770313918590546,
        -0.12912756204605103,
        -0.04836935177445412,
        -0.07681624591350555,
        0.05816558003425598,
        -0.032510459423065186,
        0.07213371992111206,
        0.10020383447408676,
        -0.18439741432666779,
        0.1036219596862793,
        -0.026926299557089806,
        -0.00706898421049118,
        0.07213371247053146,
        -0.0753912478685379,
        0.1156710833311081,
        0.1245836392045021,
        0.1766272485256195,
        0.1590477079153061,
        -0.010149129666388035,
        0.06777996569871902,
        -0.13707953691482544,
        -0.19395454227924347,
        -0.027562057599425316,
        0.020447948947548866,
        0.060245316475629807,
        0.0675775408744812,
        0.05545542761683464,
        -0.1279076784849167,
        -0.03223048523068428,
        -0.19894106686115265,
        -0.04836916923522949,
        -0.05545540526509285,
        -0.005228319205343723,
        0.12912756204605103,
        0.2458008974790573,
        -0.10053230077028275,
        -0.04323984310030937,
        0.08656299859285355,
        -0.051057543605566025,
        -0.18289607763290405,
        0.12522029876708984,
        -0.07213371992111206,
        0.06806617975234985,
        0.05807599797844887,
        -0.17083053290843964,
        0.1015586405992508,
        -0.11515845358371735,
        0.09258264303207397,
        -0.014458920806646347,
        -0.0675775334239006,
        0.21947473287582397
      ],
      [
        0.1265699416399002,
        0.019301529973745346,
        0.08506863564252853,
        0.9901948571205139,
        0.06140933930873871,
        0.08387019485235214,
        0.12231842428445816,
        0.005470779724419117,
        0.2044019252061844,
        0.13358430564403534,
        -0.12247199565172195,
        0.07018338143825531,
        -0.0726650059223175,
        -0.04694575071334839,
        -0.035008758306503296,
        0.14909614622592926,
        -0.04321251064538956,
        -0.08587724715471268,
        -0.14909611642360687,
        0.03360031545162201,
        -0.0054708123207092285,
        0.08587712794542313,
        0.07821676135063171,
        0.01870553568005562,
        -0.1898827999830246,
        -0.15680146217346191,
        0.1265702098608017,
        0.04854835197329521,
        0.09561413526535034,
        0.04979865998029709,
        -0.04854840040206909,
        0.05179795250296593,
        0.12470356374979019,
        -0.3212619125843048,
        -0.08488044887781143,
        0.07773729413747787,
        -0.09154367446899414,
        0.05933685973286629,
        0.006259441841393709,
        -0.03360028192400932,
        -0.06251821666955948,
        0.05410999804735184,
        -0.04068910330533981,
        -0.031949229538440704,
        -0.06160059571266174,
        -0.09452726691961288,
        0.03500867262482643,
        0.1456449329853058,
        0.018979035317897797,
        -0.006178117357194424,
        -0.03686308488249779,
        0.030380843207240105,
        0.018979011103510857,
        0.23946188390254974,
        0.10920097678899765,
        0.08587734401226044,
        0.05318208411335945,
        0.05011993274092674,
        0.08632953464984894,
        -0.20747925341129303,
        0.18684014678001404,
        0.09709672629833221,
        0.15335585176944733,
        0.2929398715496063
      ],
      [
        -0.03473837301135063,
        -0.23119771480560303,
        0.009144631214439869,
        0.06140933930873871,
        0.9901952743530273,
        -0.01744993031024933,
        -0.01753174513578415,
        -1.532735893761128e-08,
        -0.009029809385538101,
        0.20221056044101715,
        0.017172157764434814,
        0.029521936550736427,
        0.0650937631726265,
        0.025232460349798203,
        0.034738361835479736,
        0.12020525336265564,
        0.25258269906044006,
        -0.13400623202323914,
        -0.017172152176499367,
        0.0632086992263794,
        -0.15878456830978394,
        0.29481348395347595,
        -1.284564010717304e-09,
        0.1005391776561737,
        -0.04373953863978386,
        -0.26186442375183105,
        0.12158433347940445,
        0.036838531494140625,
        -0.07708659023046494,
        -0.05839853733778,
        -0.07367702573537827,
        0.06154228374361992,
        -0.14075465500354767,
        -0.019923772662878036,
        0.12270703911781311,
        -0.04775151610374451,
        -0.2344389706850052,
        0.05218791589140892,
        -0.010093015618622303,
        -0.00902981124818325,
        0.08765891939401627,
        -0.13959933817386627,
        0.10934879630804062,
        0.01717216521501541,
        0.009029805660247803,
        0.00870976597070694,
        0.017369182780385017,
        -0.07367704063653946,
        -0.026230929419398308,
        -0.019923919811844826,
        -0.17374730110168457,
        -0.06998240947723389,
        -0.13115474581718445,
        -0.01795913651585579,
        -0.11738763004541397,
        0.08040376752614975,
        -5.61326274350904e-08,
        0.14367273449897766,
        -0.0835212916135788,
        -0.008689634501934052,
        -0.010388660244643688,
        -0.018419256433844566,
        0.13120917975902557,
        -0.08856582641601562
      ],
      [
        0.017600268125534058,
        -0.00156703544780612,
        -0.2143327295780182,
        0.08387019485235214,
        -0.01744993031024933,
        0.990196704864502,
        -0.08496313542127609,
        -0.12125580757856369,
        0.14958178997039795,
        -0.024014821276068687,
        -0.08927285671234131,
        -0.007803825661540031,
        0.10897702723741531,
        -0.13117626309394836,
        0.13850651681423187,
        0.1422313153743744,
        -0.046814218163490295,
        0.17711615562438965,
        0.012104783207178116,
        0.25619831681251526,
        0.0023318338207900524,
        -0.05667717009782791,
        -0.13105599582195282,
        0.24804778397083282,
        -0.05010261759161949,
        -0.14958180487155914,
        -0.1385064721107483,
        -0.05518145486712456,
        -0.1562245786190033,
        -0.16337577998638153,
        -0.26211220026016235,
        0.02401483803987503,
        0.1576875001192093,
        -0.012288910336792469,
        -0.12641887366771698,
        0.22615554928779602,
        0.23411515355110168,
        -0.22072580456733704,
        -0.12361686676740646,
        0.06842570006847382,
        0.23017290234565735,
        -0.009994170628488064,
        0.19751982390880585,
        -0.012104803696274757,
        0.0533083900809288,
        -0.07060504704713821,
        -0.060453105717897415,
        -0.055181410163640976,
        0.16872479021549225,
        0.1220112070441246,
        0.008863382041454315,
        -0.1911582350730896,
        0.011556475423276424,
        0.16694702208042145,
        0.19015991687774658,
        0.06376183778047562,
        0.020149478688836098,
        0.04589066281914711,
        0.0049062455072999,
        0.04287758469581604,
        0.16934506595134735,
        -0.09656745940446854,
        -0.012450622394680977,
        -0.08063973486423492
      ],
      [
        0.06150555983185768,
        -0.07006082683801651,
        0.037238914519548416,
        0.12231842428445816,
        -0.01753174513578415,
        -0.08496313542127609,
        0.9901960492134094,
        -0.004685571882873774,
        -0.03916959837079048,
        -0.33934158086776733,
        0.07905023545026779,
        0.0731775313615799,
        -0.03572778031229973,
        0.05919443443417549,
        0.016914036124944687,
        -0.07600992172956467,
        -0.14649884402751923,
        0.11388614028692245,
        -0.07905027270317078,
        0.12070629745721817,
        -0.035141702741384506,
        0.007117864675819874,
        0.16863098740577698,
        0.1050247773528099,
        0.03097696229815483,
        -0.08313556015491486,
        -0.016914015635848045,
        0.15246091783046722,
        0.15013311803340912,
        -0.020679360255599022,
        0.06930042058229446,
        0.021792566403746605,
        -0.07654351741075516,
        -0.18960769474506378,
        0.01587648317217827,
        0.005284126382321119,
        -0.0392022505402565,
        0.027720166370272636,
        0.00982851255685091,
        0.12390407174825668,
        0.0007760011940263212,
        0.006179203744977713,
        0.01839258335530758,
        0.0015201593050733209,
        -0.1239040419459343,
        -0.08944140374660492,
        0.06150555983185768,
        0.15246088802814484,
        0.06269785761833191,
        -0.0546775758266449,
        -0.24367225170135498,
        0.016107842326164246,
        -0.016254978254437447,
        -0.0564400777220726,
        0.12390407174825668,
        0.007117871195077896,
        -0.17460419237613678,
        -0.015898598358035088,
        0.21935130655765533,
        -0.005384861957281828,
        -0.003678680630400777,
        -0.013860092498362064,
        0.12687726318836212,
        0.1933976113796234
      ],
      [
        -0.0951632410287857,
        0.01901238039135933,
        -0.017107974737882614,
        0.005470779724419117,
        -1.532735893761128e-08,
        -0.12125580757856369,
        -0.004685571882873774,
        0.9901964068412781,
        0.0723995491862297,
        -0.06814122200012207,
        -0.08719974756240845,
        0.09468097239732742,
        -0.08002644032239914,
        -0.12812994420528412,
        -0.18104223906993866,
        -0.009178964421153069,
        0.17225560545921326,
        0.0023876437917351723,
        0.0871996060013771,
        0.05067968741059303,
        0.011788072995841503,
        0.03820231184363365,
        -0.188295379281044,
        -0.17734338343143463,
        0.06137191504240036,
        -0.03137312829494476,
        0.1415843367576599,
        0.08368683606386185,
        0.027469702064990997,
        -0.07413651794195175,
        5.894745136458823e-09,
        0.1080859899520874,
        -0.1773434281349182,
        0.19435757398605347,
        -0.1816331297159195,
        0.07657290250062943,
        0.03945034742355347,
        -0.009298545308411121,
        0.07822663336992264,
        -0.25581178069114685,
        0.07496900111436844,
        0.08161449432373047,
        0.137356236577034,
        0.14686274528503418,
        -0.1544523537158966,
        0.2630390226840973,
        -0.05570536479353905,
        -0.04184342548251152,
        0.0981471836566925,
        -0.03194919228553772,
        0.05865592882037163,
        0.029925737529993057,
        0.018694723024964333,
        0.05519736930727959,
        0.03137312829494476,
        0.20056205987930298,
        -0.07130230218172073,
        -0.23038890957832336,
        -0.10168903321027756,
        -0.046447884291410446,
        -0.0249883271753788,
        -0.12553025782108307,
        -0.032369643449783325,
        -0.09468084573745728
      ],
      [
        0.16710495948791504,
        0.10379523038864136,
        -0.07213371247053146,
        0.2044019252061844,
        -0.009029809385538101,
        0.14958178997039795,
        -0.03916959837079048,
        0.0723995491862297,
        0.9901959300041199,
        0.09821316599845886,
        -0.1166645810008049,
        -0.1467231810092926,
        0.07776211947202682,
        0.004601981025189161,
        -0.12671470642089844,
        0.04306408762931824,
        -0.07902900129556656,
        -0.24318450689315796,
        -0.04306409880518913,
        -0.10828337073326111,
        -0.482663631439209,
        -0.0061101545579731464,
        -0.016656937077641487,
        -0.017419831827282906,
        0.012963281013071537,
        -0.024291720241308212,
        0.12671472132205963,
        0.05710959434509277,
        0.010544517077505589,
        -0.04260395094752312,
        0.014277394860982895,
        -0.016435645520687103,
        0.07609768211841583,
        -0.15897832810878754,
        -0.2526342272758484,
        0.06640706956386566,
        -0.060573820024728775,
        -0.06424838304519653,
        -0.23792430758476257,
        -0.017704172059893608,
        0.08313554525375366,
        -0.14958178997039795,
        0.08874863386154175,
        0.04306419566273689,
        -0.0662875548005104,
        -0.16401489078998566,
        0.08632437139749527,
        0.014277416281402111,
        -0.013156265951693058,
        0.02634504996240139,
        0.07213371247053146,
        -0.19464653730392456,
        0.23083341121673584,
        0.009007514454424381,
        0.1502791941165924,
        -0.0061101410537958145,
        0.1277274638414383,
        0.009007512591779232,
        -0.13074980676174164,
        -0.1929553896188736,
        0.06489435583353043,
        0.09994170814752579,
        -0.043719202280044556,
        -0.03634428605437279
      ],
      [
        0.04240991175174713,
        0.034739021211862564,
        0.05155767500400543,
        0.13358430564403534,
        0.20221056044101715,
        -0.024014821276068687,
        -0.33934158086776733,
        -0.06814122200012207,
        0.09821316599845886,
        0.9901974201202393,
        0.15170615911483765,
        0.017037788406014442,
        0.14853456616401672,
        0.10865694284439087,
        -0.003084329189732671,
        0.22946509718894958,
        0.1504111886024475,
        -0.2248753309249878,
        -0.22946511209011078,
        -0.016435647383332253,
        -0.13158294558525085,
        0.1844213455915451,
        0.14827729761600494,
        0.009819352999329567,
        -0.07767096161842346,
        -0.09821315854787827,
        -0.036241158843040466,
        -0.06950505077838898,
        0.14715419709682465,
        -0.08036904036998749,
        0.013900989666581154,
        -0.03473686799407005,
        -0.08123283088207245,
        -0.04334046319127083,
        -0.039808426052331924,
        0.06783626228570938,
        -0.09829489141702652,
        0.009267348796129227,
        -0.024643849581480026,
        -0.024453090503811836,
        0.09728831797838211,
        -0.25254306197166443,
        -0.07087482511997223,
        -0.003811706556007266,
        0.06534182280302048,
        -0.11097177118062973,
        -0.11489219218492508,
        0.05560394749045372,
        -0.19680017232894897,
        0.0017690169624984264,
        -0.09296618402004242,
        0.022990301251411438,
        0.080350361764431,
        0.12118592858314514,
        -0.024453114718198776,
        0.02260640636086464,
        0.15735377371311188,
        0.039863865822553635,
        -0.17179694771766663,
        0.013501835986971855,
        -0.014297000132501125,
        0.09730695188045502,
        0.07034691423177719,
        0.07208291441202164
      ],
      [
        0.04367685317993164,
        0.09869479387998581,
        -0.048369165509939194,
        -0.12247199565172195,
        0.017172157764434814,
        -0.08927285671234131,
        0.07905023545026779,
        -0.08719974756240845,
        -0.1166645810008049,
        0.15170615911483765,
        0.9901958703994751,
        0.09983517974615097,
        -0.012417573481798172,
        0.004375911317765713,
        0.10994526743888855,
        0.07891786098480225,
        -0.017370326444506645,
        -0.1324658840894699,
        -0.23079755902290344,
        0.1166645810008049,
        -0.06884197145700455,
        0.1324659138917923,
        -0.13123278319835663,
        -0.06102491915225983,
        0.060683198273181915,
        0.03680025413632393,
        0.043676793575286865,
        0.13575813174247742,
        0.18047478795051575,
        -0.16963741183280945,
        -0.027151618152856827,
        0.003811682341620326,
        0.11681912839412689,
        -0.10711219161748886,
        -0.09412358701229095,
        0.010351433418691158,
        -0.11519446969032288,
        -0.02262636087834835,
        -0.025379978120326996,
        0.0430641733109951,
        -0.07600994408130646,
        0.0892728641629219,
        -0.06068318337202072,
        -0.07296182960271835,
        -0.20279282331466675,
        0.09440390020608902,
        -0.18675652146339417,
        0.054303184151649475,
        0.006823505740612745,
        0.0691046267747879,
        -0.11338994652032852,
        -0.030341222882270813,
        0.08415689319372177,
        -0.2694045901298523,
        -0.276393324136734,
        -0.025563634932041168,
        -0.08922932296991348,
        -0.11056473851203918,
        -0.1038050651550293,
        0.25844520330429077,
        -0.05314767733216286,
        -0.027151651680469513,
        0.20391589403152466,
        0.07423648983240128
      ],
      [
        -0.14240850508213043,
        -0.20678940415382385,
        0.01226876676082611,
        0.07018338143825531,
        0.029521936550736427,
        -0.007803825661540031,
        0.0731775313615799,
        0.09468097239732742,
        -0.1467231810092926,
        0.017037788406014442,
        0.09983517974615097,
        0.9901953935623169,
        0.09509535133838654,
        -0.17302650213241577,
        -0.03366018459200859,
        -0.07423646003007889,
        0.11295872181653976,
        -0.05992938578128815,
        0.07423640042543411,
        -0.036344315856695175,
        0.17358148097991943,
        0.10520941764116287,
        -0.012966264970600605,
        -0.032972417771816254,
        0.09454449266195297,
        -0.0821111872792244,
        -0.010356994345784187,
        0.14003494381904602,
        -0.10342273861169815,
        -0.10011383146047592,
        -0.14003485441207886,
        0.11664342135190964,
        -0.032972387969493866,
        -0.1069224402308464,
        0.08583208918571472,
        0.014236753806471825,
        0.06601308286190033,
        0.012966186739504337,
        0.13390742242336273,
        -0.05518937110900879,
        0.07317756116390228,
        0.007803845219314098,
        0.12714605033397675,
        0.012799354270100594,
        -0.036344319581985474,
        0.15190964937210083,
        -0.05437416955828667,
        -0.09335657209157944,
        0.04040619730949402,
        -0.005940141621977091,
        -0.05861736461520195,
        0.13562071323394775,
        0.04040619730949402,
        -0.13385912775993347,
        0.03634431213140488,
        0.05992947891354561,
        0.002840684959664941,
        0.0026771733537316322,
        -0.08162069320678711,
        0.04274721071124077,
        0.10066205263137817,
        6.533927843221932e-10,
        0.1218707263469696,
        -0.09241840988397598
      ],
      [
        -0.036538265645504,
        0.1847209334373474,
        0.033063266426324844,
        -0.0726650059223175,
        0.0650937631726265,
        0.10897702723741531,
        -0.03572778031229973,
        -0.08002644032239914,
        0.07776211947202682,
        0.14853456616401672,
        -0.012417573481798172,
        0.09509535133838654,
        0.9901967644691467,
        0.06634975224733353,
        0.09477108716964722,
        -0.012417538091540337,
        -0.0005725863738916814,
        0.05814165249466896,
        0.12756216526031494,
        -0.07776220142841339,
        -0.0974235087633133,
        0.12156885862350464,
        0.16810645163059235,
        -0.04890851303935051,
        -0.03306662663817406,
        -0.01721455343067646,
        -0.03653831034898758,
        0.2058449238538742,
        0.06587814539670944,
        0.0710219293832779,
        0.14409123361110687,
        0.028319789096713066,
        0.08592059463262558,
        -0.02095610462129116,
        -0.1296852082014084,
        0.07690798491239548,
        0.08733247965574265,
        -0.10978379100561142,
        -0.1479598730802536,
        -0.043333087116479874,
        0.023050161078572273,
        0.008029895834624767,
        0.10638833791017532,
        0.10272713005542755,
        -0.01721450313925743,
        -0.05782895162701607,
        -0.036538273096084595,
        -0.10292232036590576,
        -0.16036710143089294,
        0.045841559767723083,
        0.1508888602256775,
        -0.13157521188259125,
        -0.16036707162857056,
        0.0696553885936737,
        0.13830974698066711,
        0.06166534498333931,
        -0.011274617165327072,
        0.1900765299797058,
        -0.17386728525161743,
        0.04398549720644951,
        -0.14409852027893066,
        -0.0411689467728138,
        0.01260644942522049,
        -0.09509538114070892
      ],
      [
        0.007745635230094194,
        0.08723901212215424,
        0.047770313918590546,
        -0.04694575071334839,
        0.025232460349798203,
        -0.13117626309394836,
        0.05919443443417549,
        -0.12812994420528412,
        0.004601981025189161,
        0.10865694284439087,
        0.004375911317765713,
        -0.17302650213241577,
        0.06634975224733353,
        0.9901965260505676,
        0.2179843634366989,
        0.22754523158073425,
        -0.025523699820041656,
        0.1536656767129898,
        -0.11596076935529709,
        -0.06327773630619049,
        -0.10115505754947662,
        -0.21171745657920837,
        0.25932472944259644,
        0.171652153134346,
        -0.05294288694858551,
        -0.004602041095495224,
        0.007745672017335892,
        -0.1595846563577652,
        0.432157039642334,
        -0.059525396674871445,
        0.13963648676872253,
        -0.051528047770261765,
        0.040991634130477905,
        -0.02792382799088955,
        0.10703494399785995,
        0.0927826389670372,
        -0.1692649871110916,
        -0.08976619690656662,
        -0.037293124943971634,
        0.12195348739624023,
        -0.11168773472309113,
        -0.09560288488864899,
        -0.37338677048683167,
        -0.10720886290073395,
        0.23010089993476868,
        -0.37064826488494873,
        -0.0486869253218174,
        0.19948048889636993,
        -0.04678982496261597,
        0.036808717995882034,
        -0.22603502869606018,
        0.13731533288955688,
        -0.04678981751203537,
        0.012585089541971684,
        -0.17142517864704132,
        -0.1536657065153122,
        0.11654401570558548,
        -0.045764073729515076,
        0.14898236095905304,
        0.09743008017539978,
        -0.01058911345899105,
        0.07979227602481842,
        0.1684616655111313,
        0.1730264574289322
      ],
      [
        -0.019042236730456352,
        0.06395173817873001,
        -0.12912756204605103,
        -0.035008758306503296,
        0.034738361835479736,
        0.13850651681423187,
        0.016914036124944687,
        -0.18104223906993866,
        -0.12671470642089844,
        -0.003084329189732671,
        0.10994526743888855,
        -0.03366018459200859,
        0.09477108716964722,
        0.2179843634366989,
        0.9901950359344482,
        0.03313416987657547,
        0.11840386688709259,
        0.36434677243232727,
        -0.1099451556801796,
        -0.03484652191400528,
        -0.0951632708311081,
        -0.0047011831775307655,
        0.1350269466638565,
        0.13050441443920135,
        0.039321169257164,
        -0.034846510738134384,
        0.17518842220306396,
        -0.013731547631323338,
        0.054087601602077484,
        -0.18951022624969482,
        -0.05492616817355156,
        0.0030843510758131742,
        -0.04938003420829773,
        -0.033201221376657486,
        0.008278556168079376,
        0.11517231166362762,
        0.19419340789318085,
        0.09840936213731766,
        0.03363819792866707,
        -0.16710498929023743,
        0.09533360600471497,
        0.05662695690989494,
        0.009590527974069118,
        -0.19729891419410706,
        0.20749519765377045,
        -0.31319764256477356,
        -0.13558067381381989,
        -0.013731530867516994,
        -0.15874160826206207,
        0.18959662318229675,
        0.006416261196136475,
        0.10066116601228714,
        -0.15874174237251282,
        -0.22602908313274384,
        -0.08632439374923706,
        0.07521998882293701,
        0.03008429892361164,
        0.014963624067604542,
        0.1733655482530594,
        0.1547122299671173,
        0.05922440439462662,
        -0.054926156997680664,
        0.056653786450624466,
        -0.23044268786907196
      ],
      [
        -0.10994527488946915,
        0.09869484603404999,
        -0.04836935177445412,
        0.14909614622592926,
        0.12020525336265564,
        0.1422313153743744,
        -0.07600992172956467,
        -0.009178964421153069,
        0.04306408762931824,
        0.22946509718894958,
        0.07891786098480225,
        -0.07423646003007889,
        -0.012417538091540337,
        0.22754523158073425,
        0.03313416987657547,
        0.9901964068412781,
        -0.017370332032442093,
        0.025563616305589676,
        -0.23079755902290344,
        0.11666463315486908,
        -0.06884196400642395,
        0.13246594369411469,
        0.1764853596687317,
        0.29466336965560913,
        0.060683198273181915,
        -0.04306411370635033,
        -0.03313418850302696,
        -0.10860636830329895,
        0.18047477304935455,
        -0.1696372628211975,
        -0.027151605114340782,
        0.003811710514128208,
        -0.06102493777871132,
        -0.019003771245479584,
        -0.010640035383403301,
        0.010351426899433136,
        -0.268787145614624,
        -0.2534148395061493,
        -0.025380069389939308,
        0.20279277861118317,
        0.0015202030772343278,
        -0.14223134517669678,
        -0.15739703178405762,
        -0.07296182960271835,
        0.03680024668574333,
        -0.05966327339410782,
        -0.18675649166107178,
        -0.027151601389050484,
        0.08415684849023819,
        0.06910458952188492,
        -0.194269597530365,
        0.09345101565122604,
        0.006823523435741663,
        0.04827478528022766,
        -0.1166645884513855,
        -0.025563599541783333,
        0.07931485772132874,
        -0.1899847686290741,
        0.06035178154706955,
        0.0278789009898901,
        0.03873484209179878,
        0.05430321767926216,
        0.2931838929653168,
        0.1612723171710968
      ],
      [
        -0.04048647731542587,
        -0.21665805578231812,
        -0.07681624591350555,
        -0.04321251064538956,
        0.25258269906044006,
        -0.046814218163490295,
        -0.14649884402751923,
        0.17225560545921326,
        -0.07902900129556656,
        0.1504111886024475,
        -0.017370326444506645,
        0.11295872181653976,
        -0.0005725863738916814,
        -0.025523699820041656,
        0.11840386688709259,
        -0.017370332032442093,
        0.9901959300041199,
        0.041255075484514236,
        -0.05966327339410782,
        -0.04249297082424164,
        -0.13268344104290009,
        0.1992032825946808,
        -0.19050350785255432,
        0.15299108624458313,
        0.18563352525234222,
        -0.20452207326889038,
        0.03743091598153114,
        0.01377132162451744,
        -0.044073451310396194,
        -0.09117698669433594,
        0.05508531630039215,
        0.24398325383663177,
        -0.02741459757089615,
        -0.045564938336610794,
        0.07264720648527145,
        0.019951025024056435,
        0.019475605338811874,
        0.11246603727340698,
        -0.11230429261922836,
        -0.11953629553318024,
        0.2860581874847412,
        -0.031465303152799606,
        0.10868696868419647,
        -0.017370302230119705,
        -0.0830002948641777,
        0.18195098638534546,
        -0.0015277821803465486,
        -0.06885667145252228,
        -0.12805350124835968,
        -0.0008762518409639597,
        -0.005228322930634022,
        0.00430896133184433,
        -0.1280534714460373,
        0.10109957307577133,
        0.0830003023147583,
        0.1591268926858902,
        0.05028581619262695,
        -0.060027822852134705,
        -0.00857094582170248,
        0.022547954693436623,
        -0.1676793396472931,
        0.09639930725097656,
        0.15758106112480164,
        -0.15710331499576569
      ],
      [
        -0.004701246973127127,
        -0.012034112587571144,
        0.05816558003425598,
        -0.08587724715471268,
        -0.13400623202323914,
        0.17711615562438965,
        0.11388614028692245,
        0.0023876437917351723,
        -0.24318450689315796,
        -0.2248753309249878,
        -0.1324658840894699,
        -0.05992938578128815,
        0.05814165249466896,
        0.1536656767129898,
        0.36434677243232727,
        0.025563616305589676,
        0.041255075484514236,
        0.9901958703994751,
        -0.10457845032215118,
        -0.006110139191150665,
        0.11938230693340302,
        -0.2502693235874176,
        0.17421437799930573,
        0.285731703042984,
        -0.032556675374507904,
        0.1185370534658432,
        0.07521997392177582,
        0.12712959945201874,
        0.10084626078605652,
        0.055322665721178055,
        0.16950592398643494,
        -0.0583011768758297,
        -0.08435887843370438,
        0.08897950500249863,
        -0.03704484552145004,
        0.1712523102760315,
        0.25969406962394714,
        0.22600790858268738,
        0.16527611017227173,
        -0.16008616983890533,
        -0.00711785675957799,
        0.023615481331944466,
        -0.11838801950216293,
        -0.21148066222667694,
        0.07698799669742584,
        -0.20156054198741913,
        0.03525935858488083,
        -0.08475284278392792,
        -0.07218154519796371,
        0.18065543472766876,
        -0.10024286806583405,
        0.14206403493881226,
        -0.11241384595632553,
        -0.019443655386567116,
        0.13075734674930573,
        0.07858702540397644,
        0.02321055345237255,
        -0.18471474945545197,
        0.3579341173171997,
        0.22931812703609467,
        0.009841556660830975,
        1.3635562901015419e-08,
        -0.21171721816062927,
        0.014649394899606705
      ],
      [
        -0.043676868081092834,
        0.13724762201309204,
        -0.032510459423065186,
        -0.14909611642360687,
        -0.017172152176499367,
        0.012104783207178116,
        -0.07905027270317078,
        0.0871996060013771,
        -0.04306409880518913,
        -0.22946511209011078,
        -0.23079755902290344,
        0.07423640042543411,
        0.12756216526031494,
        -0.11596076935529709,
        -0.1099451556801796,
        -0.23079755902290344,
        -0.05966327339410782,
        -0.10457845032215118,
        0.9901953935623169,
        0.04306405037641525,
        0.14686274528503418,
        0.025563599541783333,
        -0.09955576062202454,
        -0.11681924015283585,
        -0.1573970466852188,
        -0.11666464060544968,
        0.03313421830534935,
        -0.05430331826210022,
        -0.40774038434028625,
        0.04051034152507782,
        0.027151595801115036,
        0.0739472359418869,
        0.06102494150400162,
        0.19522060453891754,
        0.010640040040016174,
        -0.11593623459339142,
        0.11519447714090347,
        -0.05430334806442261,
        0.20391589403152466,
        -0.04306403174996376,
        0.07600989192724228,
        0.2193993777036667,
        0.35082438588142395,
        0.07296182960271835,
        0.04306412860751152,
        0.2137303501367569,
        0.10994504392147064,
        -0.21721282601356506,
        -0.006823501083999872,
        -0.06910453736782074,
        0.11339003592729568,
        -0.09345100075006485,
        -0.08415687084197998,
        0.1105647087097168,
        0.11666467040777206,
        -0.13246573507785797,
        -0.24785928428173065,
        0.03114490397274494,
        -0.2245088517665863,
        -0.18158972263336182,
        0.05314786359667778,
        0.027151603251695633,
        -0.025380101054906845,
        -0.0742364227771759
      ],
      [
        -0.08632437139749527,
        0.061628468334674835,
        0.07213371992111206,
        0.03360031545162201,
        0.0632086992263794,
        0.25619831681251526,
        0.12070629745721817,
        0.05067968741059303,
        -0.10828337073326111,
        -0.016435647383332253,
        0.1166645810008049,
        -0.036344315856695175,
        -0.07776220142841339,
        -0.06327773630619049,
        -0.03484652191400528,
        0.11666463315486908,
        -0.04249297082424164,
        -0.006110139191150665,
        0.04306405037641525,
        0.9901958703994751,
        0.1544523686170578,
        -0.2016352117061615,
        -0.023795656859874725,
        0.20445477962493896,
        -0.16553115844726562,
        -0.01770411990582943,
        -0.20749524235725403,
        -0.14277386665344238,
        -0.13004931807518005,
        -0.0931960716843605,
        -0.05710956081748009,
        -0.10623051226139069,
        -0.07609760761260986,
        0.15897829830646515,
        -0.18635493516921997,
        0.10015487670898438,
        -0.020191272720694542,
        -0.38073036074638367,
        0.09710253030061722,
        0.22768336534500122,
        0.03916950896382332,
        0.027847684919834137,
        -0.03789270669221878,
        0.036800261586904526,
        0.06628751754760742,
        0.12350764125585556,
        -0.16710492968559265,
        0.1570512056350708,
        0.13515111804008484,
        0.11264755576848984,
        -0.19972285628318787,
        -0.19592291116714478,
        -0.02750866487622261,
        0.07451657950878143,
        -0.23427091538906097,
        0.04765921086072922,
        -0.17204101383686066,
        -0.134293794631958,
        0.08758953213691711,
        -0.009112884290516376,
        0.12836763262748718,
        -0.057109590619802475,
        0.18454094231128693,
        0.12787805497646332
      ],
      [
        -0.023210542276501656,
        0.06179019436240196,
        0.10020383447408676,
